843
63
263
86
2
46
367
47
246265283
24662666
66
8428
29
8447
9484
4
968
48
668
67
23
273
3766
28
27
9687
255
4283
639
6673
26
927
93
9455
4663
226
87
22688
43
7243
69
427
732724
3733
288
687
663
68437
36
66
46367628466
8463
8439
7483
43
87
629
9428
94424
84347
6397
688
873
269
84373
733
6659
76
447
9436
2668228
4373
28746377
946
932
2576
669
4357
438
76
8439
665463
2
3
34778
26
2336
96853
469
9373
63
7
73784237
7663
84373
25425
487
5453
7378423
9
8426
3463
77423
3283
2225
867
736753
423
5478
6263
5878
6837
78283
9327
329
4686
36245
896
432584
6
96753
73
6398
8733
46
2
9675
5278
6678
77638287
68742
289
3282
6253
8436
746853
7763828
797836
7678
437
2489
8
233
765429
686237
7824
753273
282452253
267974448
7877678
6377243
23837
2378
76389273
8436
526
4663
84336
9355
3
94373
4636
744487
782542
26657
4444
724665
8476844
6
3224
54657
743
738439
93277
67337
8379
7748229
2665
48367
2667269
7
7323
47687
6333
6269
8737
7243
33
3637
738
86337
4363725
73732724
8648377489
5268279
6245
3855
627
7384397
7764726
5433
5669
42637
929
3297
6262436368
7
7278
26853
47328
864833
46835
7325
3
4836
4683762846625
236837
3229
6878
78673
872835
26663687
6233
33835676368
737678
633
636237
3382457
5463
83767
233673
468357
343
7363
74448
8973
2322873
56225
84673
87464
7378587
633423
338228466
62846625
227
337446
8253
767833
46837638
2337377
266686489
948446
782837
2732
9268
74663
383
74477464
73737833
7825328
2389336
36786
326459
5
5664
22733
9
2633
7469
6
3836
25225
24325
7732425
774237
9327483
46339
23464
96636
6824
7446
3453
5465
6736
86329
8324665649
76884
2273
7765328
7263
72437
85
8377466
7328466
696
36863
776787
46873
7352833
73287489
2684
4
268689
26374226
74686
4263
6362377
76937
94453
2273
6389675
3696
26678837
7978367
84733
86825
75223
363
365569464
36965623
4
446
9484688
737
222377
84465
66784
737687237
2877368
76787
244
63342
529
2668765
92837
4478679
74288737
7493
278
73776625
74623
462583464
48433
7467
347328679
26273
56228466
242643
94483
8398
76255
728464
7283
4683766368
24453736
387464
872
738876
78833687
8
74677464
2226868
84637
74837
53835
3444825
7763453
77384687
3676
383687
5683
653
5646
6246
2255
46877
46243
3372786368
84853
33727478466
666
5
9
467872623
2668437
949
74255
77673789
25277
23
78455
66639
7825489
38379
5478464
2668368
2686879
7748283
548853
84748
7283
86657
569
73759
28786637
33236237
2667273
668437
4625833
2655343
82583
2784253
9675
626
2273
5627
7768433
5
3663
768723
288467
343337368
77377
8
53276
7253
276863
77468
268773
562
226232
7762377
8336
7666
78625
87246464
866
273348
76468
5646
7243623
636
2283467437
23826233
9378
72537
5665
3645474
5338
8326
378283
269
2663484667
735328
9463697
746867
429
847323
9335
22834679
6683
5483
52743
4255379
82253
73447837
4693837
5863
6286237
66836237
627538
5427279
732559
228466
78278
737437
66335
33288737
247
46387879
7526
48626
77684333
88
937
73784733
732663
468
22237767437
2678
66843
367867
62724
52
737836237
238837
729
783784667
5859
92466
46464
6334225
8378
374363
2663
332
737837
72
78839
27754228466
2278
78233
27842537
726
33332225
24246
7529
5665464
477837
27745
63837
87377
26675383
787338
86742
2666368
346262425
844647
9675464
2424678
78263273
829
737766
23569
662453
5377
468
2564
72789
7296368
378476368
56446
7883368
538
77647267
633377
53425
22683
732368
7275
786737
7433
228
7762536
733
4483
636679
73736762623
762425
7
284878
78683
52648243
78679
7355
6784667
3973743623
72837
273283
539
2639
96864
2637422
467678268
34353
339
3278
72737
746453
44
243
2284848437
2582
3926753
44757
2334846625
72779673
9
528378
766384464
7623
4438
78378466
2426437
64448
22
4273
83927
628
729
3687
76537
782887
276973
47783
72643
28453464
735537
26878
33278279
259297
737858
28346
54448
97483
927
668
63337
2583
476877
25
3279
44836
34537
38368
7353273
26259747
7378378
329
24462
625464
7428873
63337
76774253
64448
776337746625
938
66684
62567
7827
27327
388873
77223
266648833
4263
786
22737
77625367
566366
9274464866
6338464
777
232663
46837378
43
24453
5337
36837
2254367642
74273
7464527
427336
7246657
6455466
23333
733373623
266726437
547833
2229
53276464
363749
786
33548379
638
7678527
8376
3456
7867437
788
266788377
5687625
7376787
26
879
9352663
2368725
462437
773743368
668423
67444625
4323
72346
86845
2355
26567
7353
2686245
2929
46258337
87225
287872542
3472877466
2724483
6623
684377
3683782466368
247336368
367628
53278
7624389
666847
564
723389
3743637
7873
327
87233
3348466
2277
63772437
627538464
8355
3878437
8732833
27762428466
2253
428464
77684337
32843
386
2573239
47336
7883437
25673
266666
37483
77324342
7383725
4653
332
548464
737
2655328466
225533
74678
2787
568
275
3477529
5464833
7693733
765884667
63267
34732867
32459
23224
7278
6288725
9438437
383
38
35328766427
3483
8766
737463
75266464
32822273
7297
63342425
9328437
627
5263
2837243
3663
832464225
946369
372623
776
734466
475263
732673
347328
642767638
2663373623
36847666368
7326737
78
34787428
22536327
26787
78953
875
37668
782836368
873283
72787
284
3837
369656237
32759
64537
76863
73768723
7737368
277542284667
348437
246
36286368
9673
96757
62837425
2455
277
9748836
8255
3333725
4678464
78537
34625
23858
8425387
84464
236873
737847363687
842
24327
5437
3462623
8783
6468837
3573
6275
84473
7625
44387
387673
7323464
867427
223
4634843825
8477
7587
2886
26837
8782559
3348
86438437
843367
7372368
3278
38628466
3228
8648
4388464
456225
8324
6338
327
32666642
36
752937
77653287
597427
63836
782727423
782648
4376269
266868
92824
46258333
3335
846844
2265
7475
842657
3837984464
33257
8274687
96737
54689
585
7763828466
2666372425
52637
934448
8696
43278
23837847464
73234833
246673
873286368
6397538837
27244837
764687
566953343
62429463
37767
226372
586
4475
287736859
266787828466
8697
7344783733
25327
4653
7323483
366246
6384637
2427837
62537
7768328466
76542437
5626
9433
232889
6262437
46342
76748466
82536
7678
54784647
663357
6424235
56696
4253
22737
7837
36446337464
3567432
746753
78425
6663
94735377
5423673
7285
374329
5253
94653
266825
782547433
52837
22742
7669
74697
267767283
466453
248724
638463
78724273
287866377
228483
73776673
77228423
42739273
344873
628374257
3473
4654329
2428
366844
33744633
25664
26664
33284
9748464
77333
4865
268687437
5677
3223
27263
34726868
444437
3333287
2732833
73636237
782632737
645
248
935569
765484225
46273273
238378473
5464366
2273
6327
3684766636825
8468448
78833
373624
7867243
64
52726
36464
56267
74637
36879
7829
628873
673377
282452245489
237422
7866279
8876
6326
476984
66837
243629
5464
666329
38767326
22848489
2679
25846844
3784
7427
9378376
462663
36723
2274
3675696368
6837255
229
74837
2666477466
23
7225243
26683687
7336
7529377
364463
7678
25286
73446625
7867
78775437
7827833
23646478728466
227
467848883
84397
75267
368253
364
28453
727336
39242643
89737
7666
776676733
54637
3532876642
26684683
227677
23633487
633333
732766
27759
7663663
4353
69
26984464
7746837
266348466
333328483
2354383
674264928466
333328
27533
387
6463
786329
735328466
227466
733
5678
8687
6368
865863
27677
269663
66784243
4673
745837
26776728466
9474
467433
76588466
628873
7653
728437
93357
23348466
2263
787759
6684464
2378246
877
393288483
7866464
56937
632377279
86466
5393579
222673464
32
25684464
666
266
7278428527
3463
62637
762378
46637243
4687
427
754557
749
2874
4752637
238423
227337
64548279
736825
33247466
53283
2748474
83367
773
4843
728
96626
3224548437
947
243
5463
7355377
643353
6683
22253
6776788648437
825464
825837
34847466
266464
8837329
625328
5372426
27776774283
6224463
5646
536484
22882559
6423
72673
7828478427
254368
65
7388767
2274825
365569
726753
4683786368
7368
74696
72887329
247478627
3645263
2858873
2263
35274
67
5323
436743
246423
9368
78278464
734478728466
374
84877329
2687737
26678637
44
2477678
3673446
278478
6887433
387648873
538357
2426635
538837
6633
746637
43327
933637329
787828873
3863
786637
25569
334733
26687228
288866
73532737
933
46637
78737
6253
628837
287866
84744642
256678
8665
5622833
68584753
27426
347874288466
334867
466
4638787425
22873
768368425
7664
2638
583
567
47
36287
5283
3255
33288733
4332
76667
336253
73776674253
462
26668642284667
946
2776242833
846627
7746279
226237
6862377
732766
8665
2769737
777464
3686328466
267937
86423
34
37436359
72433853
362863687
2666864228466
7877673
3328873
233
26637
765423
38379663
46337363368
47
27776224
2263727
27696
74974225
673728464
4455
6277
63342463
3325
4653
7284647
2442246
36767
45277
42779
883
76484
926833
338356733
84265
7233
864783
787839
77467
835374663
77678
73239
3333
264625
7687237
639426
7678528466
72
7348527
732873
6284428466
6737284667
843733673
746759
38433623
7828466
247478426
76863
729725
32867483
8633778263
678466
627837
825539
73236859
77622259
848
7368257
732
28458
782542284667
25663
288
967539433
4677683
2666328466
782547437
4255
527437
2684
63896757
32784
7273687
66542
467228
87267337
468763828466
5482436
787664
835
22765462
9333464
7767378437
46774825
476863
68378439
7447
2226666328466
696377
3473273
89
392355368
7243
48259
7373328
4247
67767886489
548
2527742
22747
2666263
248437
9455426
3977377
29273
34782623
8733
73837
2773776368
367873
8487
9255
43
46865833
35
39872
3773242559
468373223
72786377
283438
72833
484337
7822377
6294686
62
673728466
39478464
78483
73532833
269
262966
72843687
73782872687
232884385
9276464
9463
562284667
46773
8683
3679273
3569377
78277
74464342268
54787
832466564437
69637
738245
2646257
873385
34732859
626832288737
9297
378
766
776843464
7853
622
4687464
82537
444
468
27464
2282564
73272437
629
879464
668437
288467489
2667433733
8653
965
8723342
776472663
564633
46788
78728349
3338
24368
82543
246
663376
736467
4735263
83224464
3667
47263
8378464
87425
242743
86487
4678323
22623426
2665
667625
97683
3683777473
74477
368473
33822846625
63
5323464
63825
76748483
35
3486377
2446373
6746466
62
2742
36682255
22787228
8737
688788
38637
67
4732837
545359
3383567
367569337
2784787
25837628483
7762377464
73776674245489
7376588466
5282
48378
73367
78254228466
7277
735284667
87878
826
26682467
7377466
68584
74686472749
73782542
3337
2667663687
82228466
2368879
22233642
2774782623
266753833
7546
47274427
463426
7738
237
6279
45
39732833
7464
47233
328464
7224342
66868246
6742649284667
767
345837
6245464
8344253
566437
26674337
468
66784376
234463
72635
35667
437626
289464
62824
77676733
3332858
7378473
4727
2697
6883667
3337
6676464
684379473
255697
7378
7768346
75268
73767833
448
87267767828466
66
7665
6464
76548427
7278637
3472524637
2884677
262737
3228589
7278437
3474
6362377447
6477466
393
787464
73673
66343433
7225
73532733
78243
46837625
46637
73266636333
2676
865377
7424273
33824533
52726373
7223
27776833
2225476863
827438
392378
242722837
872
62468362623
2245489
62923
386284667
33
668464
272637
752237
747
773889
8723362757
74368376463
77246
76884376
96877353
382
946837
2288379
96884
77377873
782648833
267866
3328
53996737
633486
8353847466
4683737833
2673
27325
78776737
8476844688
7387
32623
9663
676
487353
3334633
727377
7529464
292737
333
788346
732337
8478825
338423
37822547433
2679377
7368
527
736683
3275
77647266464
39837625
27753
53
734273464
467878284667
646
6333733
843679
36569
736683
243
7873223
6464686
847825
4678
8274389
83224377
4726
627846
626825
25625
78253287
243687
462732733
737247
3247
24845
78335
8633778263464
76647
34933
97664
234466464
42637
2776242837
3462559
29
8732837
3375867
2527737
72747
6446
4387
732867
22722489
73784737
537739
86
328
38559
328437
35328742
729
46787863687
786837
6334237
374837
2874637737
3323
7377328
8656696
773243433
7378287268
6453
8747
778
96784
64
7762338737
7667
8322437
3937
735284667447
9675377
3276
4367442
73223
87234846625
226787
866
7469464
27328483
26278
2363348
77647377
3863464
3384237
5673
47268
782
24733
3428466
4327
766384637
9282437
2273377
239663
4637
32645437
533
687386
8436735837
326
872677678
46837378464
25647
9433
3825828466
22237833
367637
46753636828466
836
4487
9663
2667539
84
228
425537437
7333736237
343
773736833
5225
3528
3569
24362437
5483728873
7377328483
727368
7726474
64244426
26586242
7388464
37
72253
78263
3266669
4444378
4357385
6668459
27484225
37263
6874225
3334648466
732738279
2643537
6389675464
7284
2878725426
36756933
24433
44837
52
268866
624294637
72252437
338245
372624726
5297
2426433
738
43273
23446
46348438257
26567236
76925
25326
794824
7877426
5274378
2374226
489
848537
73538268
4843354637
5878423
2666328
24253
338
287
227538
2775433
933559
865
467825528466
337274233
336263
77
78483
83427
62
778273
24747
288368466
2382623
7547
3438
2769
2828466
4327
533
67
3433373623
2556933
2677328
2427537
628466
7355464
5687
74323
74338
3476
73836
65337
45546647
73485284667
35363687
7732437
5867
23557
663853
737678
32245489
726366
7742464
3837
23784342283
64647837
668466
56657
3274466
3473284667
84748677
3628636828466
6664867
8723464
367378
22557
94673
26837243
268753
448464
242623
847466
2255
363464
2543687
2284667
547836
3472877
222378
2886668483
62533
4625
7822377385
7653
9463
26668648437
25464225
748828466
72436237
6275387
569378
444459
7825474464
277327
363743629
3383567464
54837
28773629
5328437
338376463
83673728873
7256
2666862363687
7284368
228825
4478674225
78663
262
26663723
746486637
7374277
7377667
343342858
7243684342
728355483
348
83787
8455243
22268687
2628387
39
638
7246
9269
727842852759
3228677
263333
999
73884647
28937
28588725
78383
327459
6725
3673
767837
3343
3862846625
7668
28
34
256733
46543297
423
7465
9325263
2252623
6664867464
47238283
7375437
7468
62
272448328873
4648425
52235
84465464
72688
552
732
732666363
22666
532483
92783
646883
287
77684337
67846625
3428466279
2653
2226868464
6268322887464
73284667
24247
3474464
333678
74273
343537
224
3268279
76
5388377
66867
82
776337767
2668398
4678255
74478
2772735
436372559
266846833
3668
6277
27463
26868
273278
8324647837
426
73
5646766
72
7842559
3655277
93274837
73544466
25246
3748464
7376477466
7874379
72824
4328
9453
63278737
4363728466
526727
6477
24364225
362867
8275
733823
2768448
4467353
667
266766368
362253
39372473
284
72682
643
482726833
532337
3426663
477235
73
776237737
7638
7378377
25663
63384647
7326637
56637
2749662
5399673
468373787
354448
26647377
3835
87376263
9255
77638233
4825426
727372225
25277434337
9248
787767833
762538
72468
7673
3733366
27486368
26673848466
27328464
546
37847
56468
7736486
776843377
37374
2427228377
28867639
8747233
34
322867
4769464
846872637
56
787326
2727863687
7425
4327464
3278376
28284667
8437279
3687437
32837
436372833
744633
87737
23646478728483
7374687
77463
7267864
54648
23426
56847
78377
377677
74677
335
3336787
46367633
42
22
84684487
27335
38
967533
78268489
87226
772284237
767833
737678464
377368425
697353
86877
75283676
5623
233454283
52267
46633428359
23646
6877464
3333673
62244637
3374462833
8247
43289
2683733
73268379
563
4897
4683472833
2663448728466
63724268
2667734367483
397378
864837725
7768328
3767
76543
237
773736828466
526482437
232263
672643
2667542623
83442537
7738368
84363
7424
46
22672446
627463
46776836368
87
484827
3463464
736679582642
39267537
4763
729464
774748
27
252467
242553643
66867652
2223782623
7872834437
66
7336
2332477
86824
46836333
8692737
72
46257
4473
35328466
7844378
272624
2427437
73783
2334542837
7327667
62442
66868
76278
8255464
4283
6637
52846
6858463342
97
28643
237843433
626243
267637
7265
266788464
673466
3536368
24784
84787
22873
46837228483
73783787
73727283
7827837
776233873
5323377447
822537
333463
722464
735444687
32287
273253278
5664
265866
752687
32484
24246
338356737
43368439
283683
6477464
3433
2777694628359
36637842
7483627
732666363284667
66833
4687866
73224
2667274766
636825
843933
666368
39836333
73783623
4624
288225
76779
2368377
6736464
326243
522
7373783
7324737
287
42662
7527842
7763823
7669
752233
87884
2686837
3245873
3655697
38
9335363
365527
2267
6682746
2886628422559
337
646637682
34567
274343
628483
3455
94554267
66836368
77468464
22732255
69633
27776825
37238
24278
752933
26682287
22
53787
7323377
25827
523
92
5225766
37825
238368873
62824464
63337464
744787
776348
5323377
7678377
467848884667
277478268
82742253
283
35
2383784736368
397328
7275464
432354637
937837329
26672733
3383764633
946537253
96757467
787742
4663
26337
54637
398367466
7328853
7828363687
465336
2667538359
83267
3678
26
94
54448464
736283
367237
38669
2768437
4363
887633
76782253
87433
3532874225
2775422253
3472
73887633
7288376
28
2628
62633
8432873
52737
3275437
6268322887377
7766767
252774225
4266
92772689
333422833
4634262
347328466
42779
2275382255
6253287
3637
335383
3836464
27736259
6825327
82937
66873
744625
27464625
477833
27246
739825
947266746
76937385
37326
62824633
32573
32
2278
356937
3358
737766635
727733
78775433
4336843433
32557
742
7685
2437
67464667
7766683
782833
78287
429244
7763377466257
2773277
22779
3524
3324333
65
268377
47
36
238268243
43556
3374467
62468246
8687476
77467489
63975388377
238587
25477
7284647
48
4727442
2866
72963687
79
378462833
2463464
27433
36333
9466464
34448
266696687
4766
78724448
727478
737833
92687
6472355263687
77372733
8643
346464
25378
46834728466
2852682
325682
824
468378439
649
372639675
3475
467825533
78336
847
2733487
2532759
349
426353
79338
3375
27483742
782633
3283
6277224873887
34346
4664
8423
277624283
63
87825
23428467
3652743
729
3737836859
7383683
6327873
24264464
86837
38
3889
566533
34728774667
2327
4246
33784825
5226728679
62326
3544487
3973787
74467
5225
33784
4692
94283837
564433
527867
8468243
87246
3922859
379
3975673
62795263
772
2662378
632759
35444253
24325688
7325489
367468
42635464
674446
5639
426464
33337
2455466
33784628466
72685263
327837
468355443623
325527
268448
266
877
6284667
76883
36556933
77324342284667
276536
87472384767
37265
252752
9666
2569
228853
73743368425
26463
77325
332474667
4638787437
77686265
78379
2547
72786377447
334867425
68
3977377466
37
378489
7768474667
773324
9473
7746247537
78443784667
78725
742733
768637
73752236368
8273
787283442
58343
7726
326666427
2243
29837
2368
367233
2667284253
34448
272786368
434448
6855
9376
7732537
34533
42
63843752637
628246
22
2667858464
7327328466
6334237
33744637
736246
6262433
77
324533
62774243
7655
56732
22657
37
727842472687
732738
2284
22
53559
53237
63428483
287846
328674837
8676686
8432837
7774647
64776874
263739
827
7373676
4325849
87267528466
378462837
3668
277387
465879
68
567374
64647879
3748377
529937
3448737
6277433
776832833
77676725
7427464
744523357442
767825
9248464
24784329
2382
3245
472847
2265464
633424257
27426
869273
966
75444859
277478
2663828
266824633
54643743
53447528466
2255464
7272638377
5299
7378464
2247
77634537
64264
266427
6288377
468737
362
767825
7352846674477
836637733
9327
26687657
27325464
26624633
85846283
92537
73773736828483
373783629
4687638233
64667
346474
33727863687
737433687
66833
347752933
666
7338233
7497427
7273
77368
737367633
3987363
7267537
32847
326435
2277
73843933
769
69
36732278
7366833
43577
7464537
2364647872867
29253
2668687
2668246
22287229
3825
7473
873
75337
64
2473
74276229
272945
27328466
782842
72363
486837
233737737
5239
2797825
326687
974837
24247626
84653623
3267
65524662
77325377
37465
2223369
3962642
436337
328
737626368
24742858873
3355
25326464
26678488837
767836546
772284225
335483733
265532842537
46372787828873
392587483
7328
26623767
265687
836367
6744462559
46835
884548437
7445676749
7348528466
63342377
733828466
246
2437
73337733
78776787
688748466
732673464
7344667
586467
8655
537
2273
266
74647
6326464
847
732663279
966337385
6463
523437
43679
842538
266686233
48377
247333
7738368466
9466
754
762237
6284
467678
7678464
77373623
4678268
636846633
288662842
4325842273
8439464
6246824633
24
4627327464
62567489
266632833
247478
326
3647
73
347328677
2773287
2878742
24323
6666
7278424728466
724363
8845489
7738439
359
626637
628749
2668246464
26624628466
33835
263636368
3377483
78736484
4827268333
887539
542727437
776737
34787428833
3347337
746427673
36837774737
33582
3327
7335464
462437
7463649
77
2668368466
742737
774624725
32844837
78263464
2663678
265677
9277
24726
67337464
5378
25742
277325
278473
26687
2378434228466
7738468759
439
26656275
284534647
77324257
2328
347639
468734653
228837437
23623
7665464
222
2326637
374837
2767
2522262
832
46776833
87337
284
2244383
767484667
37377
782727478466
332537
266836767279
759
8824
632729
766
2277433
427736
39767873
726276642
4433
737625465
744628873
42625464
73337
645537
776847466
68836677
2568437
228733
589879
22237
372637
237824659
463333
639772737
869
2472848
52937
7746833
7569
7366825
327437
772
542245489
872336275
447
77468377
3277
6463
233464
53688259
667859
3742
7768
829567
872252225
774687
77363
3228679
46837467
7384733
4769
263742267
6784225
776668466
73528483
2629464
25625
368
448
43368489
784837
2668377466
3335464
443336
7327662253
84286742
737425
735433
73847466
276232263
463583623
72846
732
4676782623
7246
6686
375
752638
932627837
267437
732473
986
737648
733464
77663
362
3433
836647
2277
773727478466
2337666
36789
46782623
4653
7387
7433
54236733
6752636
773243422559
846
287328
62463
775
737737368
266737828466
7247
43325
77327
73267333
366
743237
34647433
72757
346637
5299377
793639
787377
27326
77
7867
873637
9324
34726837
27
72883767
26937
568474262
44557
5282727478
368784
66
2384767
66
62753875223
63
3845
29273
945766
74273
386588466
47474
237843422837
6253284837
78284667
784437833
477
67
7362467
222
47328378
34767
266237633
3876
67372867
7878288737
4363742
362925673342
87243
227
465
242787
2668468464
64933
236787
46837722425
7325
86
26673848483
39478
94335
8726748
787754377
7258
2667228
763879
544487
87225464
26435
2355
5337464
77372728466
2883678
732348464
6282437
2226732623
94384
66473
3644637
367438
27729
347287733
22287283
7837436
354922384
2546283
737378284667
746
75297828466
2526465
47335
46787828466
62624464
2666828466
747837
729
34333736237
9255464
3975246
7625537
639378
378225474
468
42773633
397737733
5333
398368
74277
53724267
236
5263
727247274
5455
62843628427
265
266736728466
23
397678
62624377
24727238
6638537
793336
26635428
266382833
83774667
36756937
62287
7372368243
56697
64774774774
33727423
2662376
222587
737837833
24849367
26663284288
43748243
737766257
466334283
4653464
8768253
777323
26224
53846
247428588725
397263
7877678464
28343623
27744633
567326
26553284667
2437
72784247283
7584
7732425478
2665
233328
847446
39737436233
4683784428466
724733
428
46784888466
34732833
3325377
732724464
77678464
4357464
7375
23332833
542
2453
8682559
75283
39736737
46342283
256633
22
77623334647
328687483
872676477466
26337766
882
242722837478427
337
5673
6742642
7335
39737436237
252867
243287
398736359
83793424647
266872287
483787
467833
34732737
2662376464
3383567377
3784825368
243647879
8669
634442674663
638232
5487
84245263
827422537
243632
269929
266846837
872257
23847679
226
2877428586
56442
83675283
774623
247253
7645
472687
26994373
7792465649
737766737
28526842
938
2472867826237
339273
46837867
43368434228466
726
5328464
94535433
2775426237
6288
3536368279
2665464
77325464
77667677
369
865464833
7377663
74937
75246
3948
3683733
4726
276
5397
528624
9283
24325464
26782
2354486
774682253
4659
2287
48432623
6374
87245
36367236368
796265
272387
4444929
28339
427326837
62737833
3326
73887
7655
2665464
45677279
347225
235327489
789537
336837
8649
345533
2663
24266357
37427766
27736349
668439
25837
246265283
782
7678466
72673
426774473
78775437
222537
268866
258386684
2668765533
73784736368
28846748437
2465649
336825
545533
267337
2624368
332283
737737368284837
782787
773462629
228737
27526727
246472749
5347873
28872284667
5327633
872672284667
66832665
39756737
44786742
28822433
673633
86
4872263
34722533
2884674933
27299
87266464
2748246
2662378
7384736368
726737
346262464
3334243629
77
266339
2367833
333424368
932564
546327
2666486368
773242589
23277
5326
467
2277437
334833
26678268
8472
66884
539474
63837
546533
76785263
4683784397
26623787
64
486
7335328
7873
3354837
966337
5377667
37848
234467
782543433
733676
5367
253787
8732833
347268379
3729
69775
2527743433
73528464
277863
2663433623
25542623
36
2663476
9276
6348437
53947
469273
6335463
532837
36446337
543378953
2667478368
7375223
253272623
26663284667
468368679
266837837
674264728466
2223
243257
7322433
23266464
723274
625328483
463422833
78427
2739
5347
726
78425
7328748437
25536
738
73528466
3622533
43673
75433
6668262
865868337
837833
7327
3366272842
3642623
79489375263
39228
26863
727263837
2327837
776237767
6633
367625
3463674667
2668742883
5625
462539
78676
64276
26553437
5278677
6453
746933
2425536437
3348677
6367
8473237
2695
7877363
27684377
73264648466
77373687
733
8265
7826477466
36557
37846283
362687243
6289
543
7348528679
4677328466
266786377
226235
546487
837748679
87267228466
6262437837
9327667
72468
33529
74568
688538
2668742884667
2668468687
32
29324
737858464
226274343
4648428483
66835
726
393288466
3472245489
462732737
85872
946637
43246
2668722867
74
3747633
39264628466
768837
3474
75297
28553846
42
78
463422837
663439
693673
2326
87859
37464667
72468464
266648833
398367483
2336732253
86483773
226343283
328222737
728368
7568
777
68878263464
42
328464
73777328483
7526633
92824464
56343
637736437
647767
8687626368
2667433728466
37
347268687
78375464
73774667
537635
786257
289377
56876257
4729
228256483
32
53664337
2686646
2427433
27623
824926
863
246736
3366
473323
54
79477
72724
25275
522687
4283
83764625
7825474377
644487
234253
227422326
547843
7423
63272752
5667
725279
73737828466
36637
4687638
48273
77673759
6753267
728464
635
736246464
367473
737863
893689
63959
72473
7737273
282827
4279
337363464
4553425
397267466
8279
48637337
7663
2722
5462656
435733
7736437
86667769
787242733
6455
332433
2667368
37262
84748464
7373676464
36968696
53926273
2668378
265532833
69
22637
2668
78482253
33
2276588359
64554667
58624
28348
7874
2426237
484632
34634647
687253
332887464
476
467536368
25425464
724338533
76557
8974225
86937
96877
786
6472
2252852867
7446434226859
2442536
836767279
288363
746937
2526
7363464
52766
8664448
3327
7833424368
465336
74355
77684623
22846542
625
828
292736377
826268837
46837667
2337
733633
266874288466
63278736368
79466464
7799273
3676852
266784888466
722524464
76527
5673
22824
5263
72547826
77
73542253
266785828466
667849378
747
36828
3276
346337
862253
7374637
252777666
82757
336627229
2882257
546
925572737
63724263473
26678
7374782623
36677
79678667
7376787
2444378
63667425
8474867
8946
36784
467378
225846673
4283929
59
3668
258664
3729464
2263432837
242756883
6733733
2465644225
34448464
8726748466
4277367
77333736237
779
7662623
4678786368
27823
77548
843637
769377
432836
27
2487
77346268
89423
25277434228466
3628733
34978
749742426
465599663
2274246
945473342
23558527
667929
8376668
275464
256257
66762559
56
774748825
4868464
34223837
7848
65
74438
2447
737
748
263437
74686472747
2888464
969
74666
9748377
62757
35394253
56833
3286874837
6277464
68637687
7352848359
24737
728473228466
7377373687
2427
4633933
7488728744
78737467
773337733
72833
729464
2278666
74687
468355328825
66673
4726833
2464237
227266
77363464
26636782253
62463842
46837228466
547836464
33332848359
73447879
274747
6885665
6277483
3366275
36756933
274448
87328
432337
27
7683789
367633
74266
3246
783
4743
743387
7287425
397374636825
783786
7386588466
2667654328466
34775297
752762
25569464
32764647
8647
6978379
526372273
337363368
6324264225
5687639
33529273
2433464
26678582687
74757
226637
277542268
2427837
344
2272272
26673728466
26868437
22784748466
76787
46753636833
73
34732867437
7326464933
373267
2564437
668434228466
54
542367464
782637
83224
62287733
839826657
72743
7855
42479
348377489
253835263
88
7383773
3376748
7364627
46837863687
528462
6272
943357
739226
7732439
2223774245489
38824
736748483
836752837
3676287
822
3373637
26687
46537
768837
26627383
74
3348464
765263
365337
966367
277
2667538466
875623
78573
864837748437
832464783
26687228677
6453486837
868464
268787
6684237
7827274784667
225285283
62
3387648
253926337
276232278
266837833
63876
8674422
26648377279
467768363687
78747
7732434228466
73275
22243368
6425
2223774253
222377679
73743368
7568
789
76774259
2475463
897422559
73773736828466
734273
7867
394787
277264363687
766684
26633736237
864776852
787453
26678678466
2476464426
35274464
57
627769
238376666
847328
7878397
7488464
7888464
2667858268
2668765537
696377447
2666488337
53447528483
73732724377
8438626
8724537
2663
227853
4273367
647733
62529742
86782727423
2684783
522357
9455464
246
665328527
228464
43237
786733
3926
56467
737433623
288676397
64537
26847837
3367489
4863733
7926
673728677
7872643
78782462253
74454774637
78284784225
2337
6368466
4666828466
727
367569377
4739
72725535
46632
2636333
6737283
24557
2653
22847666
782253
67372
33346484667
866
3628677
537766
246362
27738
24
7226
353284667
37465464
73228466
25265
36426233
36848533
738373
43637283
782465377
6397727377
467748257
84
335893
48667
2433
66648677
392378466
54833
38728466
2855
782237738559
463663742
78778268
724
322742
338
847487
774627459
84448
3662467
227224548437
7643
26687278
73266636328466
359464
73278486368
746
237546
2883
674264933
22
7272
7436367
23678466
467768464
27
397367483
63268
2278873
768637
2833256
6742647284667
75263
74
397524633
7333
7764726637
337473
397378473
632426476
2267464
33
539355379
63387
9353273
7337
228448
3836882559
627533
374836
63278733
6335463
268853
2473363687
26674337464
4666828483
62774255
6277243
782237
2662587466
2567464
82672
84687263
6328
534363
47223
78726
464
57
23267
798466
6667837
2539
2264
84552
2663
2658667
347673377
2847
2655226728466
42645866
338328466
387
2665437
46637
367628466
88867425
633
364463377
368489
2784737
4283
465337
776767257
663372867
79
888674257
7388536368
76788425
52973623
76626
388437
82582253
8663
265532822537
384427
3673837
372466
2879
2278246
326827842
4624463
274647
4328464
534
6325
43
9464
46837663687
7872427464
7274787
222
783736
277646833
82783
3325464
266648
8469
67372846625
7245
24754637
5423725
5483226
529
87477
427
74337
8823
88767
2677377663464
337274784667
22243
2358
522538
3383764628466
264628466
672253
37
6288439
53273
77638284667
28428466
4622437
77683
392377
34727837
2667653
26662637
57
835326668642284667
4678782867
44268
22443833
46587437
7447733
73287
2777622437
249
25276
8658243
2684669
64683636
87825
5623464
782677
27732733
37265546
26453
762
84695
4444544487
646464
337446377
635268763
6646464
96778
4624464
2388464
7243684787
5423789
9966464
252255225
274368462
372
2668378
76774245489
2625978
266647746637
326437687
427243
39248464
73542245489
846647
422
8636788628359
737732848359
8658683377
2882246368
74648663
3465263
667426
3374833
75327873
46667
277
67436833
32453
33758677
72687
26586287
68773
772937
27764686368
967574677
487742263
78438
5825
7678243
77638237
73773736833
667842437
3425
7377667424548437
243373
26642
227338559
538
776382848489
468378677
27696
727
86337476863
342466747
62537
27225
774624753
74257
822284667
4264
73637837
2252852833
338474
2775437
2274667
2773272623
76653
272243
3458377
462677672833
68
27238
2253
668326657
27278
335569
25463
568643
623
254674846
7364
26467
2639
47677
78766459
2233
825368463
445866
536
77683467
467767
78
397
32645427
2272253
3684527
332426
8455
468658464
736
468378464
24747867437
236477466
37766
7463
3532833
22779464
8428679
7263
6234766
837767476
569
33484667
278
624659
384642
726
7275426368
22867
34637
7325
7488284667
34384
255622833
2484936
83784225
26773284667
7878288725
686424725
337274237
77493
77
622877
566
22765883
347224548437
26674787
2698463
782782623
7764424833
233737733
5437
7473
76534377
67
48273426
5328873
7468528466
529688
46484284837
455
2662368728466
25277427
527
529
46837773828466
467737
565
34789
3325
92963
366283
828448
2265787829
67
967537
678464928466
25483
836753
7827826237
77683
3472683733
94647
273257
4363842
737874284667
7278424728464
928377
7766473
8446
3944248466
773337
74343
2224638
66336
427747
674
27464464
7425
3673
38258283
8433269
87674225
2655328
238
26676748466
869682
7873387
6284669433
832867
3334648359
742833
8876464
283337
787753
394783623
2666368279
52779
5466874637
338356763687
333
46644728466
337846284667
5387
688825
74735463
63237727459
796829
54
288742883
774766
75455
242477
65
38379329
2772736859
78776863464
668682467
66837
7678527489
4678479
38437638
2432533
3944248
84769
87363
743772
8474253
2287
337378
7678767833
92
653378
74633
622
26673462867
628468759
6372879
783836
42632665
4734
62844283
96773
786648
8428467
372
772237
38632636825
2876464
372273
2687667
76639428
73234837
78278268425
87
77647377483
242547
22
26287
452623
72688474
242674667447
272233
74246663
7227263686
4676774253
766
7877355
83557
6284687
34237
3377377466
47274
26837464
75284686
58346368
23376667
82557
345464
367837
66335464
7277464
2927333
837846664257
874257
847783
69
63667224542
2546866
6278377
26637
227874343
2523782
39752628466
3655
674
2666667
2462466284
7827328466
37283
35328742489
737648833
77328786
2774825
6529
7688379
36742747
76437
277328
967575223
2937663
6394226
266347633
268687
774233
9255727377
4478
27274
5438
3374733
46837
256737
2778637
4344487
742369
743464
463328466
3473369
5472
3973673
47683
35444245489
8368873
254642
567326
4325464
77462377
6255
36837464
722538
77729
7883467
46865836368
323
2888667
752236368
627378284667
828553846
386333
84667766
9466377
398363
76237
7827378368
728
382546
7655464
3355
6686729253
9273
3472567873
3782254746368
63667437
635766
83
2774833
2732837
32237
8687478
28
62967
687337
7326
23378283
7362867
94353
7737368284667
472337
22786667
7687
344378
734
5634464
8466
3878
43623
9454
36847359
73752233
72327
737283
8633747238283
567737
266228
73382464
7867733
6228728466
52537
366284667
277624284667
2489732724
2567359
723428466
34279
737468759
54647
74668464
5368
2337
679
327
35247
724
22537
52862433
357394373
765588466
266737828483
483782665
74625
3333284836377
92557
227623
32669
843
9273
37296
278487
426
8474833
7663
925537
33666787283
2866774373
78443787
5477
23278
72
67372833
3973746368
8274387
68377327
787242737
36343
2686735
3333728466
74992
4684833
92737
2774466368
243642257
467366
663
3276377
72
7837437
269
7874
8572463
2273623
6327378
2587837
8363677
6734
9437327
9642
737837
96637
78777473
5267
7426
7278425
74677377
7445
383792639
2687537
627484553
7265464
56537
278
4887
236
7467766
89454
7825463
2686735464
725223
2223782253
728473433
4523
9467
632787363687
837439
45623
8787833
267737
645928533
7225
6334228466
927346873
742739273
32
737
34253
53779
7323478
78776733
67346279
662639
44678
846528466
266344873
782245489
648
27759464
768849378
2677
77433
4678488846625
397328284667
463373633623
5669464
73767837
6382265476
53484
24267466
256839
54632
7677
7377662559
24453
2662
753689
7656
73683623
847628
446673
62742
8643676
3923553623
932584
8255
76
766394373
822886
3262464
2887428837
732646493
27277
974837
75292
7327
68826637
78784825
78378
7825474
774
727336464
863
848626245
87267
56628426
94363837
6682
54338463
274
7466337
26689
367468836
2276228
752837
22737
83683
28453842
8437625
377297
234284687
84825
8355464
324759
2627825
266344
23
2427489
46835544368
334628744
88
39235
66337
6254428466
22672355
9253
788743
427267
4864279
87283537
879
7346368
7325493
7342735377
526
36369
789953
747464
25864686
93557
94745478
67367
4674448
767
7378742833
7378254226
7327387
58259
528837
637242687
84425
87245377
737328
79637663
7445477
2883632623
7362589
3786
4527737
3622537
632
47274
2845337
84782
5377422
24477
83779
35663
3686
3273
274863687
267837326
27362
2383688737
787457
7839278
266686236368
8227
6882663
2777324283
39726333
227825
47696
765474
568359
398727
46
2368737
53779
252873
76453
52637
74
876677
463667
28542742
27633
276537
2427437
734852759
23543833
7463
2665464
8363
4853
78
7425
878257
27
6324264767
3486723
52872
7467737
86596
727859
64566
287866493
872348466
22639
74557
84437
366253
36557
736767
3976733
8353266
4868
264357
337889
4634228677
732533
8424
364774667
7497424267
562333
3733
266752468
723637
39737463687
23442647826
33
26678
77265464
72465277447
4683762623
6455
3686333
78775363687
2476642
42667
66725
336
22837464
283
346437
53377
76863
562283
226267337
75
8724633
2876
467536368464
76737
5227
687735837
27323
8622226
966336
668677
86844
7623787
46243368
46662
39626427
543
276
73
266837728466
33273273
28674687
24378
7367466
24559
73836837
36374464
9677447
2272245489
25
33
27244
4377353
776382464
24872437
773247466
3262437
73737837
26687428833
76583
746787
737763828466
64667489
83
3483773
267
46473343687
72
24
564669
7653
372624473
73267337
2667524687
322464
76
62629
7766684667
86637
7277466
73422454828466
62468246464
74448
5243
2529
3333623
7282437
9325
733863
872
86967
368476663687
873625
3484333
2583
732378466
263
9473
362457
297787
98
6337
267732859
4674337
73646277
266737836237
625377
432787
436472749
277327464
468347489
96779
67
34727464628466
383
227837
534229
6272
7532733
326437
8482646
943359
776237733
747273
4368463
7247464
467542284667
3862846625489
72723473
492743
73237
76537
468376334283
366846625
7667
5323
723
45679
752836767
52
244437
2455464
343735
837787
2662463
683764448
4364727442
392333
27
763
72834
32858
2822
477
77354646279
347874287
468763823
7455
77666846625
5283
243876538
222437
24
52736
26674533
76626842
73832533
77324254787
436372867
252378
3926463
54669
472426
7877367466
2747865
62742738
266727
723
2677328466
9653
756959
28843684228466
26668642283
78429
7877536368
746984637
225
76784667
463268
776668464
7328677
726835
35843
4768637
3487
5425
7342737
6325
82
4878
622446379
226394384
865453
37828466
2275387
77622245489
768
346367466
974448
464
22779
776836
724338537
2364774667
222433
927736
7547
7883433
73843937
46865837
782783759
776
7763487
33845
47277
266759
62743
3567478
45587872833
243779
26684636825
258376283
3388724
22443836368
54648284667
53692
932226
2887
3863725
688836
32774647
3656933
288662833
24278377
733
2427543
783232
727736437
2668364368
336647
6277
3726247
887
74933
62642
6684233
762538
745368
54837279
344
649
7446257
2277
67436828466
7455
84338
244534663
79464
7962657
528
6382
486267
262564
322425
24667464
825368
32833
35394245489
733537
947366
74668
26863279
6468
7225273
633738
729329
744547
35483
44
7746
4653377
23543837
7933474
76367
33235463
587473428466
76268
3477529464
9486377
2655467
37847733
782437
3626872433
787
94637
769337
27623929
22784733
277377
9274
2278743437
786637
36872623
46663
76687
33252728466
567464
28836787
4234387
66253
4527469
2886628466
4672287
738
467735
2382682437
74673
56837
4638233
55
564448
773727464
56673
2467
732474368
5465464
3983674667
2773257
25
327633
4556377
4752642
284538427
768843278
4333
46
258376284837
7363464
727537
33837646464
5322666
2677
737766254933
5366339
48
74
266348466464
8336243
7627
23
874753
266737
692
8462368
526
7328733
8687825
26793733
727863774477
33787828466
75687
462732746459
644728466
34767337
7688463
8665227
227422559
76257
266836846625
848267
2775422687
9327464
2947
768448
43637
6686833
4224828
34739255
633426
4867
7226637
437346
622872846625
26462833
58342425
746
47
2358786368
4376
4683437
8732863687
22243567
28848833
2262673377
3642433
3255464
227427
66687325
227738
78
787828
536737
246279
43638427
28836333
3433428589
7865
2655328483
262548466
74
3767733
3676556368
3853
925837
24
7223
2374337
9243
776382377
68
265532867
272
46787
4683732237
23837847377
6663687
28527
7874647
3296
737737368464
62737828466
33357
8678873
2275
3353833
2628
64824355
677
7422
73786728466
26683643623
738876464
72574
6776748466
266824637
97
333363268
927637
266347628466
277
36233333
465538
7873784767
949273
26777
228677
54837
73747437257
542253
27624873
667747
23787355377
73848466
364636
732255
2683662
742533
2778633
337278873
64663276547
235433
5455464
245464
6367447
74685337
33267
566587
83987
4278273
2765377
769
466
34263837
688292
3655
42
7632278
7327667
7378
468372284667
733463
243337
746437
38267
437253
54837229
32457
24464
6453
468378368466
333
758446
2887228466
348464
468483
663434228466
25423
5284627
7877673
2878664933
7333
4686583
66337283
837767
9686437
844789
6423
67767483
8633778663
7274359
33258463
226
8367
46876
63723337
987
277872623
25375
427736464
8278
64557
6885463
2636363687
87262365
4655263
73234837
53267
638767654826
26674528466
837434228466
36687
368
633
9727
733377
6663
32867
83837267
7849
69
74462
47
2887228483
94865
62227466
7326734647
533337766
842846
3362637
75337464
2273385
398
2326
427336464
62544284667
277483
672437872
786738
8722533
66736837
6464625
7659746642
5688379
8677
372633
27433
68876872464
5423623
2358782253
2556228466
64243553
37729
3472475463
269
87
336667872833
34256483
43368439464
257422384225
22677
33252733
3477282433
22766
42634353
87223
34776725
7488
35674787
72257
43
4678255464
79482437
7662642
865868279
6222
8468
2667858
743
4732859
25644464
6275
2925464
64364448
64
26666659
73
746864727437
463676
8875474
2625
279
637724464
7368486
7826886
687729
468368
88
966
5274359
75327268
26668623
26678782833
233484667
737847464
77653
252
27769
3642436368
72675464
76844
93473
833
733462623
5466
46774733
46537
93334647
25233
78333659
699436
266543
63257
226966
4686
638377
637359
225363277
27726436368
26625874667
727737
242546472749
7646837
2667284245489
7873824
387426
38784376673
7376487
26673728483
687546
95
6345
753383
63872273
2532637
2742538
2333
3333464
787653
86967447
72654647
632787464
223
4287
76246
76246766
522576684553
78727
432378278377
742766
27693
827
872673377
7873
6596742
87267367628466
73624633
28822463687
38
347
36848437
2878667
23646478728677
73776625489
7246269
4665
76853883
3325463
456837
4772354
63342273
2673
754464
25683
3224548283
7827274237
82583
825
4395388
39752467
7762333
354257
33354647
56433
5262422
7746748437
74353
266578673
846464
54533
727368464
23678
336433
36867
4627334253
2748639
37339273
36628466
68837
2767
332847
748377
266666932584
74276223884225
626428826
82537
5287462
967536723
47526
66337
88
39
848627
73337
24833
5483
449
482
82743833
67426492846625
75973
73254933
893583
3686337
332233
42632823
77
3477883
7678848373
84733
848836
2383773
3837994373
3923778
364
78326
347242743
33
374657
223
864237
22883
425569336
25462464
78663
7464
8667
7373863
22765
466378
252269
429273687
7378673
78225
63846365649
76632639
783
37
4687392737
7378828466
737478268
336627287
732925464
4264
427
28783
2732867
26237
78254342284667
6873867
263464
754337469
8722537
827428466
7277243
87267337733
87865
445464
52
743773
5357638
4323738
7468647274
6255263
26566242
92837
22635
34787428867
52677
8633759464
4663
973785464
7842433
27244833
746867467
57
244
28
272242
428437464
7765328466
58423
24273
628436284225
5644225
72823
3263
3987228
77324254933
3424667842
726262
463426276547
23
7292253
267767284667
26878379
274842476
2886662453
266343368425
732
782888679
22266663284667
284367
667843278
3696562333
583437
75
736
7384733
477
7362757
33832833
3322337
724684647
925533
2747464
647726
27223538
467
3447
58836453
465328466
967574473
76785284667
7768328483
237243
22687842
7245929
22773883
464842559
463422867
7646833
42
574
2287464
6478253
667866
562533
354646283
82
387466
6463725
7864527737
7829
78337464
23237
3678863
7733373623
226827
847374653
727474
2524633
7273367
23638379
7526637
2762842
35697
7823486
836398352
39756728466
6467
33937
737836237
268766
687737
775
7836
77699
278766669
52652
678
3392737
3739
26683787
358
872675283
266686237
652
2678863
824433
23753539
86833
545537
24537
42837
23587833
727
8863
247467
785533
2676
47
742733
26677377466
73276625
378225474464
327637
26868377
7887
26678488846625
4739
737332859
846
75283
467826859
28588737
6673655
26224464
39264633
8735
36263464
5484428466
78264774667
636
437637
7246833
59267
47
93638
276232278464
4674966825
2789675
26763842
73785833
76787248
837767478
4636762846625
3844225
22774377
326663723
66245489
356725
28453377
8437
78784453
7243637
783337464
6388725
347437
728
773277
77677328483
2333464
8584628359
5646464
4323464
3782559
2784342425
2327464
77328228527
266734628466
266632867
2723
26626
7364677
967537
484589
2334542833
2284828466
628872559
42836
822538
5879
367
8245
78272742377
24276
5296
8465368
6487824744
863379327
22746
7687
76836842559
72624
26678724687
27677464
462587483
34636746625
2688243
37865
266743372253
274637
73765833
6694552
2983
86637
6673
52839
27262437
2696673
6252
33544
46534647
25436
5622867
735328464
7762377677
726894673
752
27653
63725
94622293
343342858437
5826
2667539489
674
2667826859
27697464
7376583
227235662
773743368425
36286368279
263
83774867437
6354772
667269
843747
8478
5397
69566
72537846426
34727
76259
22742467
37378368
8746
6443742
2345464
749357
36787464
44772642
28
22
53447528873
46774825489
436
2692639
77628736368
34266637
3776
35338
86848533
28624
868257
62774688
7464464
84367384225
233673
393724737
78277464
73337725
645
787834552623
6784625
7848
34784628
776862657
5864
444454448
7827848883
462587466
467338559
274554268
887637
7825464
23687
7388377
84
32
435
8633
776536
66342
382582833
782933
24842
27744663687
39
6268257
3684
7337
83764628466
9282433
72837
8437363
47455
4687346537
47
733336
764377
47246
222
288436842
734463
92662
947437
2855
6668466379
2724483288725
5684784553
337363
343337
622468674
668363687
7264464
666422
7372477
273284
263648437
847882559
2653
6278
226353
4264464
2656733
2884674928466
8253
83743433
5966
36763759
776532867
27
74882833
26672728483
783
73357
437225
568464
78742859
7688464
3627
7826539
7792465644225
787774733
73824537
84826467
3534268
42467
7363925
843
436325649
6776733
333633
7267464
39736348873
27665596
548377665
7478377
2748427
266632848489
77687
66
2546748467
422537
623743
746452759
627446
2646
765359
3253
72566
2655226728483
667626
332
392583464
88726
432333
868377
2873
6236662
266626337
2724
64
687749
844657
84287
7844378466
4388
7653437
74455477
2746
24633
587846
2662
4276
46837825
6477677
776854448
874257
73738
27874
46837844283
849
39726797
726357
73732833
2772858
2666328464
77273
564478427
3337
56325
866483
2695464
874
326474
725
666539
7767678466
34536263
75478
35673623
468378
46639
86
26259737
37294647
744643422623
72362746
93
37
568377
286642
277769
796767486
272242
42843
3773684257
58628466
7768328464
66
32233
628
722435
7658464
87267648833
93353637
72733674687
77638237
6836
833
468367483
242467
54647866
74984
364243
3384268
6666
794824464
786833
23278377
26773776633623
32767
4676787
78737847466
24328
276693
397363488737
72639
7372728466
837846669
7877328
23532748437
62276
736337
626328679
2686327437
2782425
79634228466
496
23532728466
533
23522368
345837464
8848466
776873
396842
843937
744687
8473287
5893626874
7899537
73224464
82
3262433
2267
73237867
52844
5635
78744225
3378769
24828466
74824
28867
96
77364737
73779
776833
633367483
46737425
36936
23652646
3375696368
83384
25684
78839464
2655324837
78267
56887
725666
6596787
737272833
7762
22746
826
347328483
39
72536
6283
35
7827837
87472337
54537
288837
737737
932766
5844243
287336
2433
82737
96637
72237
4753
7895474
7546
62753
5853
4762379
63374673
468376464
738245377
33768
5366384
2667
258
743
25363
42774766
57
58543
622274662559
227
288363464
36477466
7383
7732
346378
732589
52638
269
7366
7327848464
27727368
4678782846625
74722
288866
872835464
77623
6434
73764774667
2468324665649
864538
726533
5225387
768837
722533
3924833
68873224
43536
66868464
7326837
8433
56739
22526233
7737274233
228437463
846359
825533
87754787
33284
3352933
24825
7377638233
466
3253
39754248
22528528466
845527
32665
266765432833
3925833
733464
622274667
276657
378284667
639866
6457
7378
39237846625
2694389
24646
944578
7728425
73776633687
8686
58
2372642
776678
77324687
64637
26682559
26674337284667
72266377
286
92629
37
7297
3464377
78669
326657
33548377
53
7833675263
63255223
687424267
53337
266767483
86282452253
23327
27726433
5264
84328377
23862229
7253444
7883
3653
37736842559
337446464
84732333
88
7825439
25247
46737
27737763687
267
62766
3424726
28767
78677
36689327
74
842
2345464
7367537
842867
62746
767
288224
54236737
88457
73668464
2384733
278679425
774337
7497
726437
72477
73674848489
872457
773737828466
483766
47652833
2254279
4683746
27747833
348463
787326464
2777683
24673
26676863
468367489
8324665644225
796342283
22678466
342564
836837
25278
93556377
2252486
6397678
268484787
2337377464
7653
3472686833
4634267
744353
4278378
63627263
772483
77384397
2264523374
2667848883
5622559
266258333
742587
337737283
6684377
627227
4235263
3366678728466
468376636825
626832288733
2263537
4723828466
6342
2363
7245464
8274284667
6667
722733
233428466
6676226
247663
86669
77746434353
7338733
27253
39837467
47338464
3265649
654837
26646
4536
26879262
628
335297
796843747
65483
863334633
863675696368
29237
8374966
726733
36426236368
639227853
25663
34257
83562489
526232
73529
26676733
83277
737367626237
62747
22735463
222
26479
32
762438437
7454266
272945426
433684225
738765386
2667383
478
667934426
56837
235664
46665858
2328537
5477
738368466
392426437
7663
76557
8466766
227637
7686387225
966337464
62582
32339
52
33779
722248
7763377466
7328464
326
266
7372728359
7497465649
545
2655328464
327
3976787
66242
8473
72784247268
724652774477
732732846625
366464226
2423
35328766
56237
3743637447
4328437
72777678
66835
864667
87327879
9277268
797
7652747
376936
62287433
5674
7692589
722537
72559
62737837
78674463
787246
3724
23736669
7663469
27737833
397263464
7768462425
46837844284667
427
7473
926242
7359
63342284667
432739
424633
762437837
39464
5286379
78825
7656666
7522464
78677
46639675
235878
27737733
2383784737
36225464
3627978466
3455464
369656232253
7674478422833
4676733
7453623
7274
3628737
768438
7677377466
28
522672867437
873289
86225
8724637
67426
78766437
8658637
23826237
8343822537
53666
86942
367
8486262457
32756377
789
97
6887
6245
2497283
843662
4675433
7726
78263673
769
786254647
5653
7377663368
7225464
7828883
73532833
7284739
337876933
7435837
242735
42637768
62683228873
529377
967377377
484333
8856372245489
22268682245489
235327283
2227334833
277542623
2667737733
2242627
769355
6498873
23624
8648
882
74337
7243385464
723487
737773284837
667825489
5644464
4267866
2474784267
2673377
84372738842
7237
28887
4667
26229
4677377483
74337
22267346459
272448328
72457623
53288737
24255364464
94637
6877379
427337
2877
274
642769283
24327378
222433687
87283784
7356228466
788278
266874288677
72582367
254
72523
67
666763
836337
8465284667
3626
836737288737
72783
256837
266738484667
3472738466
838
82692642
77373783
582
7636
86744633
7829464
267638427
327837
84367437
7376748679
772473
537369
836423
56
26623687284667
842728677
3786642
247478426489
8383726
7873267
5263464
7446464
39328833
52843
634684284667
732547842
38
244
74692273
46834725
2757
73529
6264242
4363728464
247478462
2664737746625
79667747
427359
7724743
7386466
26676737
2326
79673
227368
746864727442
73557
3282367
467464
22237733
7747487
6634342284667
26725
74935
35628
26546
2427
46767833
72847
282253
767
2278473
26687279
6455366486
8742863
837735
22437
36287464
8478737
2432737
23648833
32479
23648
636
32629
37825489
72662
42
224438464
827
78425377
347437437
3923784667
732284667
5327464
528736
2354337
24
6227663342
266726466
77823
2625993
274539
727655
735283
348474667
7946
92437
233484662559
783337
3673787
3355697447
6266
4682543
26623787
6278425
62537
842867426
738246
2656877
3932883
886635
436737
22626342
7283687
2679744487
96
24267
548482642
6278372273
94328
2476642537
628246464
232837
87328464
3478742883
73234647
3326728483
545454
26638733
26674537
36527436368
324537
22737
844
2228733
233
226724467
86489
5683
26658628466
27433
7287
3334637
24776787
467826237
4634436687
23486
237
27863883
7225387
262467
76257
8254328466
727233
2677878466
7828
8744437
4623684837
24653783765
42843733
37739
75683642
66843433
343337368425
2322437
3653377
37262842
78732237
83774253
7688377
2789
7363268
3737737
2278478
724368478
7827763724268
447464
256257
278474847
2467
3362537
9255223
638378435377
73353287
82928466
33837
762
2847463
787359
7722848466377
8726727478
6977223
8436736
463528466
8433
62
7884
7729
789587
266768637
7673
37867
26687228464
276653
7878288733
7327662259
5337
244257
2273
4864
228853
622
7234225
472382837
76837
7326663637
26687655464
87327873
735623
347874288677
35263
5384872
82657
27786464
66638279
3533759
748
275464866
6666
727842537
35628464
3987267346279
8453
4634228464
2654842
77355
4688378
7838367
2667346283
589248
39258748359
36459
2553433
5464828466
9433727336
2667453
778478464
9327837
787825
79
455878728466
75966884
92764647
266787828
2777
467847437
274325
26639
624
476
46774728466
874225
2874687
233328464
3734448
732283
633887
3254773
78326
337
36965623464
732
7488853
244734283
78866464
292537
2333287
367322787
338328
22848359
2426
2675263
5633
7737
72
26675422833
2436
3278378
288537
746794552
4658733
3326728464
7297655
26652665
39773774667
866
2687437
87562333
74253773273
44687
26552773
26374227
2666328677
894657
86545359
63
443
7767
266354287
832466
23837243
8742883
94733
35847
466863
528842
872835377
36737879
22774377
2268
53
727359
475
46332833
633374647
627842
4363747
2277437
27483
462677328
872467
638257
2429253
38764744647
5388464
27473
482836252
235842
8437329
472
52643
72784253
7372378466
64637257
238473
48643489
2688537
269464
99
36
2264565
73624772623
728465649
7272
272
673462623
484437
7468647274377
4633284667
5333739
24377
67372837
27472263
2663448733
7878483
67227
337848257
63687
5626
7677424548437
3825
738325
22625
26466
744
266874288464
43727
2546427
657
269
62648622
2625984225
64774667
928766
59464
26788637
787428
3483
723326
24728528466
37455
6333673
27926
238
7768378
2778678466
537872536
46229
87437
872673982537
468368466
64256263
3454
8324642426
465463
3932884837
367847437
9274464
2834
78233464
264648483
397567464
87425
3678479
2567873
7243
772
846237
8658
4683673
348
75295478
734478727
7469377
7877678377
785464
783239
3478
78288837
9484372925
69377
37677
773342833
94337
727528243926
52
226235528466
7584467
36765533
7367677
72739
646478377
78254259
468759
25263
436382
3733273
8383746279
2237
776786737
73735537
3478
426333
78333733
468253
46367625
735382623
462368483
288837359
882766
632426427
4328459
79464377
34389
4323377
64782537
686374225
667
4335
86253
33346464
9699
26868464
7335328466
7465
22266726433
277873
4684828466
3386833
774623866
52262
763486
72639
774748825489
4676663
632694453
77677438279
8466849
244537367
27425
4747
62825
8486294552
63343825
767235246
284
2743437
742486837
22788733
9288
843486
332368
2278464
329866
8726752833
7467859
2263766
2658664787
7467
227567
7366
36662
2637327
9277467
3475662
22246
46662368
72266464
433
266736787
7656
825486
2679464
774
3354837464
26735377
72874242
4676
33343
842632
34733
5687625476
73
7768
874842
234327
73784
3764
4726627
468368466
79742
34724733
55346
427839
84737
5647
8633782536
847
429273
73876
536
5483739
782839433
7364266382867
4734679
37476337
2665326
24728527
26437
349
62465263
4558787284667
78487
2426237
46837228
7627
427746377
274
7827826842559
2492773
45366
87
28255263
65967427
378487
4336843437
436
96753739
742266
225285284667
363
5734
2663828464
7827887
789854
87464323
284
5477464
925
42639
7927
393678
27677
7338237
222667547433
22528528677
43663879
4677377466
227
75682542
3547
48453
26773528466
46743687
2274865
746
347437
762
22722367
24797537
6378687
733873
3983637
372472623
62366253
7375422
75862464
27877357
87423
634442677
872337
787372
2899
87267727368
6853
743
8746489
2427537866
4263533
5343637
2666
2256
242674667
356677
7353284667
7765328677
4627776774283
3942878
266727464
74264424
773257
287866
8622846625
32843766
267433
726842
3276464
442766
7427622437
3675
8769
56
765537
46876382464
22824
67426493
27773242833
25837
642653
528466
44262
33437
82
649464
4263537
7545533
348833
25287837783
4276669
3478464847433
278462
776532833
27786784667
742734653377
89467
3383567636825
747
9673
734852833
87426453
26363
26842472833
67436825
739273
9463767
926242
2667538464
4624
283
53
49376436
93274687
777468
2667272253
24425
23862283
7467
266387466
26797444833
8729
467887
9277268437
436663
3726787
3628636833
84664
63325
7273722257
2622437
8377357
4272687
92557
765
539262737
7243
564837
326
8856372253
2772643
27847842
228
466677
26684
46343
733532833
8643433
26637
27333
33832867
4466733
76527
325536
7732473
787739
73774728679
6684342284667
67443
8726739825
6246787326
4686423
3825828464
547
782266648833
727
428437
7873
628376489
222533
253733
26566425
63
22739
668357
3676464
3622779
2283
56876254787
32669
7323222
754448
77623337
46347328
2666478
9665
36863284667
674787
277378
8655392255
69
234739
4674966
68
333759
8665269
428
627462
54224548437
774937
267642
27697377
332732733
72846
37
865372623
7873464
2732848489
55693
3372742464
678427
787783
544486464
68372663
3933
68
7868284667
4722
467732867
2887228
27444866
23267
266562757
35547
3472253
76253
7822333
5366273
5363464
6677
73646337
94
73272433
2342846725
748377433
228476667
752467
758
48
7296663
46744487
224548437
464842833
78554826
92
6439378
5272653
8727
566359
3665
83
666776348
526227837
787736333
437329
6273783
58542
2668246377
288488337
5275
23779
265527
74685826368759
722425
468347283
2376832
262632
762465649
6624537
7273367468
39442484667
535566
266343368
738743833
39442487
6334242559
2667678486
3437
8377223
22283742
787
7375433
7323663
668357
74
777
7324743687
68448
335424687
8723484667
34
5245
723359
346483
543639
737463422559
34937
73637
3872253
62932
255433
847697
66478873
486427426
767837
733377464
79626832
7736237
9424482
627327
8784829
666
49
872673676
84637
8225387
886464
468836
338228677
89537
3888737
834382253
83773
44447
4862648437
4633736336859
9268464
2878639
7272824
52862437
4727
254466368
627887228464
436337766
25
2748266422
2666
35536
26673848677
647
762538
293
285538
869377
72257
5223
62789
8474245489
52848833
2667246876377
783
88667
8459
33767487
2383759
64787377
362686837
87878337
92887
386226
73774687
4278
2376273
73765884667
6368
222377464
36789
88237
288367833
265
64352637
774378
35693
766253
26259787
78383
39
75
872623
562253
64246527
2465
98
286353
426637
46827466
948637737
786637
7697
236464783733
668466
77
75467
624533
62
3854878
77355464
272842
39267
7392737
2363284
7873648436
333363
25
373337425
63342243
8736
46372733
7383684
4637
863
93574
23559
2447377483
839
23837847363687
78278377
786536
242
7825463347328679
7666378
42484
347887233
3383764637
728578873
7659
3277
363
97
3478
62887257
636
6684828466
5363377
742762265649
3488464
34988737
25644377
6373
247337
7277364377
7826848437
7383772874
266747836859
7693776468
2667
7877587
35337
76642
6248827437
243377
344
8294
7864746368
277732428466
782737836859
66
2352787
628
966464
4728489
7768433623
84862
73787428466
46267767283
22254768637
873278737
4848277
3773623
35667464
54448934448
38446742
87
644489
28453837
48626489
8726727478466
56
465637
2667542284667
72465277
374
727478464
447
7363623733
425299
2437837
76277468
227464
562
9676
796843842
7429
87
73463687
837826368
3976
36646268
89478
773243427
488637
7866224
727842559
287433
26
639243
64646493
327946
72657
9453376377
33288
43637284667
86876263687
2723539
3369
2628669
2254
5839
77667677447
4323746637
37228466
8746
7762333464
2823
3333287
8655792436
86237824689
273253696
645866
627537
73266787828466
7827434279
787364847
2527489
7847
726372
23352433
36268724464
387647433
666226
7388533
3653464
36472837
8377674787
2473273
26672747667
2363342425
3478742884667
8222463
235493
3283
84397428873
77664733
86586
73669
762878
26654647
8473283633
6466582
73782542267
347287737
484
767837
4727
586453
837
76
737766333
746
227872287
936
48679
257463
347
7733428466
742762238842257
263253
32285687
73649
25427
843728787
463484382559
22885334353
548372559
63937
529
3265644225
77423
6825
4675437
24
7662
737
266537
277724725
2667478464
62748463
73746342
7826488464
68374323
27244
77677328
74476368
27333464
248284667
436472744225
36667
6692624783
8367466
4733
2369
87274
742737
9434
8437
393
3275
62667
36835673
34263
46635263
34725246377
2426746674477
39258333
263732
273337
727437
34726
743334353
224539
287
36343
346474464
36684667
9355464866
46266464
776773287
5396275
25326377
285427426
499
3837625
22744377
4826
2483
2267444625
7362752253
76828466
626
7738368464
7763828483
268538273
384363
49
437
744
638742
266754268
64687
736258437
2366388
46244628466
4686245
73387247433
567482
2763642
827433
472633
2567378
228482833
2287377
6377
266337362464
277446
276787664
76548424267
8722522257
548
22266663283
844377
287672
862
754337
64526
77364373
536337
84552437
74233
246787
247478463
749846
34448
274833
3438279
79674669
252753
783336
222378464
7732474828466
6274596
54667
3463529
232
76657
82
59742
252473
476528466
773337
787824633
6282433
27776946283
7673
2277655
72846625
7764726637
34448377
24262377
3867
473384647
464374833
9276464
4626675383
862257
247664253
36868246
248229
47283
5344846283
24647274437
287637
977
366
468378442867
422
752468433
3466474
436853
26
774766377
333737
6875467
4673
6334837726326
644485433
3668243
46986
967849
7383257
2724483287
724687
368737736387
2277437
744
373352623
386
392377483
33866
72733672837
435362
72837
73427333
825828466
8639732833
244273883
364
24272283747842
627466
56229
34978426
8864742
638255422
68854633
266737836859
43235463
87328464
78624
277646863687
787
46882
269269
627728483
2247246
36676687
52762
2667478
23889
783367
222336427
7827
782684828483
74362537
58227
727336728377
78234847466
874237
847
333328
254257
34784628466
46638727
6284489
4292737
4678733
427737
548378625
62734
393678466
836268
78782462245489
22246387
828866
74253
2543272
7423697
46559
3676288464
74559
68874846625
932
63729
42783673
373359
627287
7867473
97277464
6453
387
642272482
9325647
84635463
827
2356647
75
7323459
23345428466
762
33623
683478
46346483
34262
3678737
735284837
5463729
2526
5342559
74263
728473228679
7386588466279
272235387
7962
24845426
835374669
6372
32825
736339
73258677
273284464
2743359
844256377
23587863687
472744225
436487
3472877464
237677223
3444837
6326464385
35374
7387328
2327833
227359
94373837
3782837
784
33662728
2676844
624682467
3245464
746782887
52
73824633
869387932
726352
2637397
627253
398363464
53773
773243437
4855
56448324
787739
27433464
235546
336
2227334828466
928
2522523779
44445263
6334828466
6638527
6427674663
622336642
266246464
2726366
467878636825
442687
6742649464
7433
2255666
6633728677
9467866
6366
426
765833
8433
5292547826
42924426
782634647
727848466
468474253
4728848
26676537
3865
324
72827
624638
872675284667
7677243
229626
524827
7335
74337
266663489
767464
5456638377
77
2463
842657448464
7263
4675467
874368
4827268337
4632687
468442
29546337
94824
2825
4634228466
34
266472885284667
822
26436
743
8747
78779
52849
2273
472747
78776863
2442738837
7383643
3974737
3636437
5697
26687655377
2782
2436
3662
26678582629
34626237
2223787
36569464
26683684667
382
728765
76355
7378
42
48254266
26673462837
722
37
22764825
7684459
7842537
77664737
7377663464
7333
7497422559
348433
782534653377
49376263663
478
26673288483
2676355
72846
266
3373783
2883678464
624586
77666
55
737737368284667
2426
9677433
88637
4272243
266738464
26624637
627
2384
27233673
536
7472737
524
736467852
2435732
267464
73966537
366
5455
2228728359
77332437
7322437
724362
266743377
7632
22825647
6464787437
822262437
7849937
7275426368279
625
773349
58242
72826624
227735
897464
63783
3267
7526387
3334248
2685337
76468464
73639
2687533
8444
6926627
63823282
427653
24728487
356779
8398873
42632247
527
38
76637738
46287733
22566953343
8467684459
2684482
6688464426
8486337
8368
2288466
4336843437
7837846662473
7825434228466
56257
663355464
626359
646428873
3378
4225
3273
38767
4683778283
7472837
237425
4295
26673783623
73235
7978362842
737234833
6744467
44733
625387
8398453
5262
6232427227
628426
862246
7737368464
267
876825374668464
8923547826
4633937
722
75
377
236887437
45
624648833
84
7424273766
44638
34
3724726237
8622285279
5425464
3278478253
876
38637247464
322
6275377
9344487
2522642
4365644225
277377464
5278464
942533
337
4687638237
54557
76666283
9322267
787433
9326278377
76
33
2667882846625
2232368489
727842472833
5865
426343537
929
5829
267937464
4267
467737733
75673
734423
32458737
7638
2667747229
7876263
84365649
62457
3843368
94287
74337
73422
3742
728876
674264937
688
2553749
7253
8947833
266246284667
773233464
63748
369963
2868528483
974677
752637
33666866
822553
34757
26636
7653666
267543437
262436
272487279
776646368
73874383
539464866
837666
7267
96753228
84826486
477
32479
284537
266822833
74238
5326
293
238
732673377
6222746625
537543
22746
33887243
262
76784647
46668284667
54889
767822737
3833
37246
66683
34737
2543742
2537733
5847
738439464
2273433
26769255
328677
768286
72642
3975424859
784257
53663
87267739825
39
24849367447
392873
7336767
22736368
66466
787263
73
72639424
89
5297848
2586
46367628483
4475374363
256662374
243783
443727249
4635836233
2266377
735328
328
222636633
23
2472537
482542
23287
63779
645
72822
4673
2667536368
2858
3274
7277483
628748487
825833
2243
243255478
2264287
7378378464
2687243
83733
5283373253
723627467
4293883
4482244
3489
3987228466
228626
353828466
43274647
2653626
4844
527
88454928466
238372437
22542728466
5253
3825
33342436859
2624346
7464
83982665
37433
368378246464
773737847483
588437
37668437
738853
78677464
73384337
5644487
4976843747
725637
633424637
3589
33729
726
73223385
2583733
7668422
7347377466
36287463
723642
87246377
6893
364262363687
736392253
468377328466
727796737
739464
26674783629
2655328677
26625833
7326464733
686424
6626
235327
462
7767673
44
2937224526
5444837
7243
2375
84
7749
278765649
23847677
72845466
8228427
878787
622877464
787753636825
8728355464
82536833
26643
745569
463828466
33735
773247359
7467837
427539
777323464
776846237
7359464
346257
72724829
78325
727235
7334633
33
26
3438336
943377732